scene: scale=practical s=[0.05 0.05 0.05 0.05 0.3  0.3  0.3 ], fork post y=-0.1, N=220, budget 20 ms;  per-axis bound = b * s, sigma = 0.5 * bound
seeds used: [0, 2, 4, 6, 11]
   b   n  reached t_reach med J_total med         [q1, q3]      max J_track med  J_obs med  J_obs max  clips kicks med kicks max  ms mean  p99 ms  it/cyc  x_end (not reached)
--------------------------------------------------------------------------------------------------------------------------------------------------------------------------------------
   0   5     100%       13.82       2.228 [  2.13,   2.49]     2.80       1.799      0.429       0.50      0         1         1    11.64    23.1    2.50                     
   1   5     100%       13.78       2.162 [  2.13,   2.16]     2.80       1.742      0.417       0.47      0         1         4    11.60    22.0    2.53                     
   2   5     100%       13.80       2.131 [  2.11,   2.22]     4.23       1.720      0.411       0.54      0         1         1    12.59    22.9    2.66                     
   3   5     100%       13.78       2.118 [  2.11,   2.71]     6.69       1.705      0.420       1.47      0         1        15    12.78    23.1    2.75                     
   4   5     100%       13.74       2.091 [  2.04,   2.15]     2.17       1.680      0.407       0.41      0         1         2    13.48    22.6    2.85                     
   5   5     100%       13.74       2.160 [  2.05,   2.22]     2.30       1.750      0.410       0.43      0         1         3    14.16    23.4    2.93                     
   6   5     100%       13.74       2.188 [  2.15,   2.19]     2.28       1.783      0.406       0.41      0         1         1    14.29    23.2    3.01                     
   7   5     100%       13.74       2.243 [  2.23,   2.29]     2.49       1.855      0.392       0.48      0         2         3    14.51    23.4    3.05                     
   8   5     100%       13.74       2.347 [  2.21,   3.74]     3.83       1.946      0.386       0.42      0         1         7    14.83    23.9    3.12                     
   9   5     100%       13.88       3.835 [  2.33,   4.04]     8.88       3.448      0.420       2.65      0         2         4    13.88    23.8    3.25                     
  10   5      80%       13.85       4.011 [  2.44,   4.21]   267.15       3.446      0.426     259.19      1         1         9    13.74    23.5    3.21                 19.8
  11   5     100%       13.84       3.518 [  2.56,   4.82]   236.25       2.574      0.417     233.67      1         2        12    13.87    23.9    3.24                     
  12   5     100%       13.64       2.365 [  2.35,   2.45]     2.58       1.948      0.417       0.44      0         1         3    13.82    23.3    3.28                     
  13   5      80%       13.84       5.152 [  2.87,   5.56]    26.99       4.418      0.535      14.48      1         3        20    14.73    24.5    3.41                 19.0
  14   5      80%       13.70       2.719 [  2.60,   4.24] 15595.66       2.233      0.486     861.56      1         1         2    13.29    23.2    3.09                 18.5
  15   5      80%       13.79       3.031 [  2.56,   3.07]    30.26       2.570      0.459       9.14      1         2        11    14.35    24.2    3.38                 19.5
clips = runs with J_obs > 5 (an obstacle shell was entered); band in the figure = inter-quartile range
saved figs/disturb_sweep.png
