method                      N Tp[s]  mean ms   max ms   p99 ms solve mean solve max it mean it max ms/it mean ms/it max  %conv  %cap %stall  J_track    J_obs  J_total  reached t_reach  cyc rcmp
-------------------------------------------------------------------------------------------------------------------------------------------------------------------------------------------------------
Hopf-Lax-MPC               10  0.05     1.17      2.3      1.8       0.94       2.1     1.1      4      0.865      1.62  100.0   0.0    0.0    1.445 1031.333 1032.778      yes   13.48  674    0
Hopf-Lax-MPC               15  0.07     1.40      2.9      2.4       1.18       2.7     1.2      4      0.974      1.71  100.0   0.0    0.0    7.329 1745.400 1752.728  TRAPPED      --  800    0
Hopf-Lax-MPC               20  0.10     1.88      3.0      2.8       1.66       2.7     1.7      3      1.006      1.82  100.0   0.0    0.0    7.435  586.672  594.107  TRAPPED      --  800    0
Hopf-Lax-MPC               25  0.12     2.18      4.0      3.2       1.94       3.6     1.8      3      1.172      2.62  100.0   0.0    0.0    7.451  347.151  354.602  TRAPPED      --  800    0
Hopf-Lax-MPC               30  0.15     2.18      4.4      3.3       1.96       3.5     1.8      3      1.169      2.40  100.0   0.0    0.0    7.470  226.115  233.584  TRAPPED      --  800    0
Hopf-Lax-MPC               35  0.18     2.83      4.4      4.0       2.61       4.1     2.3      3      1.231      2.47  100.0   0.0    0.0    7.487  155.719  163.206  TRAPPED      --  800    0
Hopf-Lax-MPC               40  0.20     3.04      4.3      4.1       2.81       4.1     2.4      3      1.313      2.63  100.0   0.0    0.0    7.504  117.449  124.954  TRAPPED      --  800    0
Hopf-Lax-MPC               45  0.23     3.25      4.8      4.5       3.03       4.5     2.4      3      1.401      2.65  100.0   0.0    0.0    7.521   86.278   93.800  TRAPPED      --  800    0
Hopf-Lax-MPC               50  0.25     3.13      4.8      4.5       2.90       4.5     1.8      3      1.690      3.09  100.0   0.0    0.0    7.541   68.643   76.185  TRAPPED      --  800    0
Hopf-Lax-MPC               55  0.28     3.72      5.8      5.1       3.49       5.4     2.4      3      1.600      2.77  100.0   0.0    0.0    7.550   51.848   59.398  TRAPPED      --  800    0
Hopf-Lax-MPC               60  0.30     4.61      7.4      6.6       4.38       7.1     3.0      4      1.656      3.41  100.0   0.0    0.0    7.568   42.228   49.796  TRAPPED      --  800    0
Hopf-Lax-MPC               65  0.33     4.25      7.4      5.7       4.02       7.1     2.4      3      1.821      3.20  100.0   0.0    0.0    7.572   32.341   39.913  TRAPPED      --  800    0
Hopf-Lax-MPC               70  0.35     4.60      6.6      6.0       4.35       6.3     2.4      4      1.965      3.72  100.0   0.0    0.0    7.599   26.715   34.314  TRAPPED      --  800    0
Hopf-Lax-MPC               75  0.38     4.73      6.8      6.4       4.49       6.6     2.4      4      2.013      3.59  100.0   0.0    0.0    7.596   20.525   28.121  TRAPPED      --  800    0
Hopf-Lax-MPC               80  0.40     5.00      7.1      6.5       4.76       6.9     2.4      3      2.082      3.74  100.0   0.0    0.0    7.621   17.100   24.721  TRAPPED      --  800    0
Hopf-Lax-MPC               85  0.42     5.40      7.6      7.2       5.16       7.4     2.5      3      2.170      3.73  100.0   0.0    0.0    7.650   13.484   21.134  TRAPPED      --  800    0
Hopf-Lax-MPC               90  0.45     5.47      8.9      8.0       5.24       8.6     2.5      5      2.209      3.71  100.0   0.0    0.0    8.335   16.924   25.259  TRAPPED      --  800    0
Hopf-Lax-MPC               95  0.48     5.88      9.1      8.3       5.65       8.9     2.6      4      2.269      3.99  100.0   0.0    0.0    8.376   16.881   25.257  TRAPPED      --  800    0
Hopf-Lax-MPC              100  0.50     6.32      9.8      8.7       6.05       9.4     2.6      5      2.380      4.48  100.0   0.0    0.0    8.394   16.182   24.576  TRAPPED      --  800    0
Hopf-Lax-MPC              105  0.53     7.03     17.4      9.8       6.79      16.8     3.0      4      2.338      4.21  100.0   0.0    0.0    8.411   16.059   24.469  TRAPPED      --  800    0
Hopf-Lax-MPC              110  0.55     6.87     16.1      9.7       6.61      15.8     2.7      7      2.542      4.70  100.0   0.0    0.0    8.441   15.745   24.186  TRAPPED      --  800    0
Hopf-Lax-MPC              115  0.58     7.05     21.3      9.9       6.81      21.1     2.7      9      2.565      4.39  100.0   0.0    0.0    8.427   15.098   23.524  TRAPPED      --  800    0
Hopf-Lax-MPC              120  0.60     7.40     31.8     10.2       7.15      31.5     2.7     12      2.671      5.12  100.0   0.0    0.0    8.298   14.600   22.898  TRAPPED      --  800    0
Hopf-Lax-MPC              125  0.62     8.42     24.8     11.6       8.17      24.6     3.1     10      2.724      4.83  100.0   0.0    0.0    8.192   13.177   21.369  TRAPPED      --  800    0
Hopf-Lax-MPC              130  0.65     7.97     23.7     11.0       7.72      23.4     2.8     10      2.872      5.13  100.0   0.0    0.0    8.133   11.720   19.852  TRAPPED      --  800    0
Hopf-Lax-MPC              135  0.68     8.13     33.1     11.5       7.88      32.8     2.8     11      2.921      5.36  100.0   0.0    0.0    8.081   10.377   18.458  TRAPPED      --  800    0
Hopf-Lax-MPC              140  0.70     8.54    174.6     11.4       8.29     174.2     2.8     46      3.014      7.48   99.7   0.0    0.3    8.058    9.138   17.196  TRAPPED      --  800    0
Hopf-Lax-MPC              145  0.72     8.49     29.7     11.5       8.24      29.4     2.7      9      3.078      5.13  100.0   0.0    0.0    8.012    8.148   16.160  TRAPPED      --  800    0
Hopf-Lax-MPC              150  0.75     8.94     27.6     12.6       8.66      27.2     2.7      8      3.252      5.75  100.0   0.0    0.0    7.986    7.203   15.189  TRAPPED      --  800    0
Hopf-Lax-MPC              155  0.78     9.32    164.2     39.0       9.07     163.9     2.6     34      3.499      5.21   99.3   0.0    0.7    4.307    1.283    5.590      yes   14.80  740    0
Hopf-Lax-MPC              160  0.80     9.39     36.0     13.4       9.13      35.7     2.7     11      3.407      5.73  100.0   0.0    0.0    7.947    5.667   13.614  TRAPPED      --  800    0
Hopf-Lax-MPC              165  0.83     9.68     33.5     14.4       9.42      33.2     2.7     10      3.515      5.71  100.0   0.0    0.0    7.911    5.061   12.972  TRAPPED      --  800    0
Hopf-Lax-MPC              170  0.85    10.16    308.5     54.0       9.90     308.1     2.6     63      3.834      9.59   97.9   0.0    2.1    3.289    0.944    4.233      yes   14.36  718    0
Hopf-Lax-MPC              175  0.88     9.32    105.2     25.3       9.08     104.9     2.4     25      3.892      6.68   99.0   0.0    1.0    3.086    0.872    3.959      yes   14.28  714    0
Hopf-Lax-MPC              180  0.90    11.51    395.8     82.9      11.26     395.5     2.9     84      3.936      9.40   99.2   0.0    0.8    3.685    0.951    4.636      yes   14.82  741    0
Hopf-Lax-MPC              185  0.93    11.84    283.1     56.1      11.58     282.8     2.9     59      4.041      6.41  100.0   0.0    0.0    4.819    0.558    5.377  TRAPPED      --  800    0
Hopf-Lax-MPC              190  0.95    10.07    130.6     28.1       9.81     130.3     2.4     31      4.109      6.92   99.9   0.0    0.1    2.476    0.642    3.119      yes   13.96  698    0
Hopf-Lax-MPC              195  0.97    11.37     68.1     17.4      11.11      67.7     2.8     17      3.976      6.39   99.9   0.0    0.1    7.790    2.801   10.591  TRAPPED      --  800    0
Hopf-Lax-MPC              200  1.00    11.04    225.1     36.2      10.77     224.7     2.5     46      4.330      6.76   99.7   0.0    0.3    2.344    0.573    2.917      yes   13.94  697    0
Hopf-Lax-MPC              205  1.02    13.78    432.2     59.2      13.53     431.9     2.8     80      4.812      6.98   99.7   0.0    0.3    3.021    0.623    3.644      yes   14.34  717    0
Hopf-Lax-MPC              210  1.05    16.86   2508.0     52.3      16.60    2507.6     3.2    378      4.993      9.92   99.4   0.0    0.6    3.019    0.603    3.622      yes   14.34  717    0
Hopf-Lax-MPC              215  1.07    14.69    694.3     67.8      14.42     693.9     2.9    117      5.031     10.66   99.3   0.0    0.7    2.187    0.499    2.685      yes   13.90  695    0
Hopf-Lax-MPC              220  1.10    16.54    337.3    119.3      16.28     337.0     3.1     54      5.215     13.35   98.2   0.0    1.8    3.527    0.569    4.096      yes   14.68  734    0
Hopf-Lax-MPC              225  1.12    13.85    146.5     38.1      13.59     146.2     2.7     31      5.151      7.48  100.0   0.0    0.0    2.064    0.448    2.511      yes   13.86  693    0
Hopf-Lax-MPC              230  1.15    14.70    190.6     40.0      14.44     190.3     2.8     37      5.244     11.44   99.7   0.0    0.3    1.998    0.427    2.426      yes   13.84  692    0
Hopf-Lax-MPC              235  1.18    19.25    234.1    120.4      18.98     233.7     3.4     35      5.563     18.31   93.0   0.0    7.0    6.135    2.985    9.120      yes   15.98  799    0
Hopf-Lax-MPC              240  1.20    15.94    372.1     47.8      15.68     371.7     3.0     59      5.386      6.58  100.0   0.0    0.0    1.868    0.388    2.256      yes   13.82  691    0
Hopf-Lax-MPC              245  1.23    18.41    897.5     51.9      18.14     897.1     3.2    120      5.600     18.97   99.3   0.0    0.7    1.891    0.379    2.270      yes   13.82  691    0
Hopf-Lax-MPC              250  1.25    18.81    502.4    144.7      18.51     502.0     3.7     76      5.005     12.54   98.9   0.0    1.1    3.216    0.474    3.689      yes   14.48  724    0
Hopf-Lax-MPC              255  1.28    19.82    491.9    135.8      19.55     491.6     3.3     68      5.869     20.40   95.6   0.0    4.4   22.906    0.950   23.856      yes   15.36  768    0
Hopf-Lax-MPC              260  1.30    22.46    658.8     44.6      22.19     658.5     4.0     93      5.552      7.23  100.0   0.0    0.0    7.799    1.234    9.034  TRAPPED      --  800    0
Hopf-Lax-MPC              265  1.32    19.54    347.1     89.2      19.27     346.8     3.3     48      5.836     11.19   98.8   0.0    1.2    1.871    0.319    2.190      yes   13.80  690    0
Hopf-Lax-MPC              270  1.35    21.31    351.5    147.9      21.04     351.2     3.4     47      6.308     20.60   92.1   0.0    7.9   24.280    4.096   28.376      yes   15.52  776    0
Hopf-Lax-MPC              275  1.38    22.46    557.3    137.7      22.18     556.9     3.7     76      5.943     10.10   99.7   0.0    0.3    1.693    0.311    2.005      yes   13.76  688    0
Hopf-Lax-MPC              280  1.40    26.88   1004.7    176.5      26.61    1004.4     4.3    122      6.046     10.51   97.9   0.0    2.1    3.056    0.318    3.375      yes   14.44  722    0
Hopf-Lax-MPC              285  1.43    23.02    388.9    136.8      22.75     388.6     3.5     49      6.369     22.81   96.2   0.0    3.8   24.739    1.157   25.896      yes   14.76  738    0
Hopf-Lax-MPC              290  1.45    31.80    589.7    260.3      31.52     589.4     4.9     73      6.247     19.90   94.6   0.0    5.4    3.637    0.306    3.944      yes   14.22  711    0
Hopf-Lax-MPC              295  1.48    25.52    279.3    171.5      25.24     279.0     3.9     42      6.514     22.25   96.9   0.0    3.1   24.173    0.902   25.075      yes   14.88  744    0
Hopf-Lax-MPC              300  1.50    24.22    450.3    151.5      23.91     449.9     4.1     60      5.760     18.79   95.2   0.0    4.8    5.675    0.679    6.354      yes   14.60  730    0
PMP                        10  0.05     0.89      2.4      1.7       0.67       2.0     1.3      4      0.535      1.15  100.0   0.0    0.0    1.265 1015.278 1016.543      yes   13.50  675    0
PMP                        15  0.07     1.25      3.7      2.0       1.03       3.2     1.8      4      0.594      1.61  100.0   0.0    0.0    7.345 1280.076 1287.421  TRAPPED      --  800    0
PMP                        20  0.10     1.50      2.8      2.5       1.25       2.4     1.8      4      0.715      1.45  100.0   0.0    0.0    7.424  586.595  594.019  TRAPPED      --  800    0
PMP                        25  0.12     1.83      5.4      3.0       1.60       4.5     2.4      4      0.705      1.51  100.0   0.0    0.0    7.450  347.151  354.601  TRAPPED      --  800    0
PMP                        30  0.15     1.97      3.7      3.0       1.77       3.3     2.4      4      0.780      1.64  100.0   0.0    0.0    7.469  226.126  233.595  TRAPPED      --  800    0
PMP                        35  0.18     2.13      3.3      3.1       1.93       3.1     2.4      3      0.853      1.46  100.0   0.0    0.0    7.487  155.722  163.209  TRAPPED      --  800    0
PMP                        40  0.20     2.33      4.7      3.4       2.12       4.3     2.4      3      0.927      2.04  100.0   0.0    0.0    7.504  117.449  124.953  TRAPPED      --  800    0
PMP                        45  0.23     2.95      5.1      4.4       2.75       4.8     3.0      4      0.979      1.76  100.0   0.0    0.0    7.521   86.306   93.827  TRAPPED      --  800    0
PMP                        50  0.25     4.18      7.6      6.8       3.91       7.2     3.0      5      1.305      2.04  100.0   0.0    0.0    7.541   68.644   76.185  TRAPPED      --  800    0
PMP                        55  0.28     3.47      7.2      5.7       3.23       6.6     3.0      4      1.148      2.18  100.0   0.0    0.0    7.550   51.847   59.397  TRAPPED      --  800    0
PMP                        60  0.30     3.67     10.2      5.5       3.46       9.9     3.0      8      1.211      2.10  100.0   0.0    0.0    7.568   42.228   49.796  TRAPPED      --  800    0
PMP                        65  0.33     3.36      5.5      5.0       3.14       5.3     2.5      4      1.329      2.18  100.0   0.0    0.0    7.572   32.341   39.913  TRAPPED      --  800    0
PMP                        70  0.35     3.50      5.7      5.1       3.28       5.5     2.5      4      1.382      2.19  100.0   0.0    0.0    7.599   26.715   34.314  TRAPPED      --  800    0
PMP                        75  0.38     3.65      7.4      5.3       3.44       7.2     2.4      4      1.456      2.34  100.0   0.0    0.0    7.596   20.525   28.121  TRAPPED      --  800    0
PMP                        80  0.40     3.84      8.1      5.5       3.61       7.8     2.4      4      1.530      2.46  100.0   0.0    0.0    7.621   17.100   24.720  TRAPPED      --  800    0
PMP                        85  0.42     4.12      9.2      6.2       3.90       9.0     2.5      5      1.631      2.59  100.0   0.0    0.0    7.650   13.482   21.132  TRAPPED      --  800    0
PMP                        90  0.45     4.26      9.2      6.9       4.04       9.0     2.5      5      1.682      2.75  100.0   0.0    0.0    8.335   16.952   25.288  TRAPPED      --  800    0
PMP                        95  0.48     4.51     11.3      7.2       4.28      11.1     2.5      5      1.771      2.71  100.0   0.0    0.0    8.375   16.896   25.271  TRAPPED      --  800    0
PMP                       100  0.50     4.93     13.1      8.9       4.64      12.8     2.5      6      1.901      2.97  100.0   0.0    0.0    8.394   16.160   24.554  TRAPPED      --  800    0
PMP                       105  0.53     5.47     19.6      8.2       5.24      19.3     2.9     10      1.881      2.90  100.0   0.0    0.0    8.411   16.052   24.463  TRAPPED      --  800    0
PMP                       110  0.55     5.22     32.2      8.1       4.99      32.0     2.6     16      1.962      3.04  100.0   0.0    0.0    8.440   15.760   24.201  TRAPPED      --  800    0
PMP                       115  0.58     5.73     22.9      9.1       5.48      22.7     2.7     11      2.062      3.01  100.0   0.0    0.0    8.427   15.098   23.525  TRAPPED      --  800    0
PMP                       120  0.60     6.38     37.9      9.5       6.16      37.6     3.1     18      2.039      3.35  100.0   0.0    0.0    8.298   14.602   22.900  TRAPPED      --  800    0
PMP                       125  0.62    35.88    106.4     85.6      35.61     106.1    13.5     43      2.552      3.20   37.2   0.0   62.8    7.834    3.799   11.633  TRAPPED      --  800    0
PMP                       130  0.65     8.84    168.0     83.0       8.61     167.7     3.8     72      2.275      3.57   96.9   0.0    3.1    7.814    2.764   10.578  TRAPPED      --  800    0
PMP                       135  0.68     6.57    203.1      9.0       6.35     202.8     2.8     84      2.318      3.56   99.7   0.0    0.3    7.702    2.465   10.167  TRAPPED      --  800    0
PMP                       140  0.70     6.73    204.5      8.6       6.49     204.2     2.8     81      2.379      3.42   99.7   0.0    0.3    7.698    2.169    9.867  TRAPPED      --  800    0
PMP                       145  0.72     6.70     88.1      8.5       6.47      87.8     2.7     37      2.481      3.72  100.0   0.0    0.0    7.668    1.959    9.627  TRAPPED      --  800    0
PMP                       150  0.75     6.85     12.4      9.8       6.55      11.7     2.6      4      2.567      3.97  100.0   0.0    0.0    7.663    1.782    9.445  TRAPPED      --  800    0
PMP                       155  0.78     6.85      9.3      8.9       6.62       9.0     2.6      3      2.608      4.72  100.0   0.0    0.0    7.664    1.634    9.298  TRAPPED      --  800    0
PMP                       160  0.80     7.15     22.3     15.5       6.87      22.0     2.6      8      2.684      5.32  100.0   0.0    0.0    7.670    1.483    9.153  TRAPPED      --  800    0
PMP                       165  0.83     7.37     33.9      9.6       7.11      33.6     2.6     12      2.785      4.71  100.0   0.0    0.0    7.649    1.373    9.022  TRAPPED      --  800    0
PMP                       170  0.85     7.50     16.9     10.2       7.25      16.7     2.6      6      2.851      4.37  100.0   0.0    0.0    7.649    1.287    8.936  TRAPPED      --  800    0
PMP                       175  0.88     7.69     11.8     10.6       7.45      11.5     2.6      4      2.929      4.33  100.0   0.0    0.0    7.645    1.214    8.859  TRAPPED      --  800    0
PMP                       180  0.90     7.88     13.1     11.1       7.63      12.7     2.6      4      2.981      4.25  100.0   0.0    0.0    7.641    1.154    8.795  TRAPPED      --  800    0
PMP                       185  0.93     8.24     13.4     11.8       7.99      13.1     2.6      4      3.111      4.58  100.0   0.0    0.0    7.633    1.103    8.737  TRAPPED      --  800    0
PMP                       190  0.95     8.33     20.6     11.6       8.08      20.3     2.6      6      3.103      4.17  100.0   0.0    0.0    7.634    1.065    8.698  TRAPPED      --  800    0
PMP                       195  0.97     8.56     93.0     12.4       8.31      92.7     2.6     24      3.187      4.44   99.9   0.0    0.1    7.625    1.033    8.658  TRAPPED      --  800    0
PMP                       200  1.00     7.21     14.5     12.4       6.95      14.2     2.1      4      3.348      4.51  100.0   0.0    0.0    7.622    1.011    8.633  TRAPPED      --  800    0
PMP                       205  1.02     8.50     16.8     14.9       8.23      16.1     2.1      4      3.944      5.68  100.0   0.0    0.0    7.618    0.996    8.614  TRAPPED      --  800    0
PMP                       210  1.05     8.72     16.2     15.6       8.44      15.9     2.1      4      4.021      5.39  100.0   0.0    0.0    7.610    0.987    8.597  TRAPPED      --  800    0
PMP                       215  1.07     9.08     18.5     16.3       8.78      18.1     2.1      4      4.160      5.26  100.0   0.0    0.0    7.602    0.984    8.586  TRAPPED      --  800    0
PMP                       220  1.10     9.17     42.6     16.8       8.90      42.2     2.1     10      4.186      5.39  100.0   0.0    0.0    7.597    0.988    8.585  TRAPPED      --  800    0
PMP                       225  1.12     9.44     21.6     17.5       9.15      21.2     2.2      5      4.251      6.36  100.0   0.0    0.0    7.587    0.997    8.584  TRAPPED      --  800    0
PMP                       230  1.15    10.25     85.4     20.8       9.93      85.1     2.3     18      4.411      5.70  100.0   0.0    0.0    7.582    1.013    8.594  TRAPPED      --  800    0
PMP                       235  1.18    12.67     61.5     25.7      12.37      61.2     2.9     13      4.338      6.41  100.0   0.0    0.0    7.571    1.032    8.603  TRAPPED      --  800    0
PMP                       240  1.20    13.34     70.6     28.6      13.05      70.3     2.9     15      4.461      5.57  100.0   0.0    0.0    7.562    1.057    8.619  TRAPPED      --  800    0
PMP                       245  1.23    13.67     78.2     53.5      13.40      77.9     3.0     16      4.467      6.01  100.0   0.0    0.0    7.552    1.087    8.639  TRAPPED      --  800    0
PMP                       250  1.25    12.30     78.4     53.9      12.03      78.1     3.1     19      3.883      5.14  100.0   0.0    0.0    7.543    1.122    8.664  TRAPPED      --  800    0
PMP                       255  1.28    17.31    171.2     72.0      16.99     170.8     3.9     36      4.431      7.42   99.9   0.0    0.1    7.539    1.162    8.701  TRAPPED      --  800    0
PMP                       260  1.30    16.93    167.7     68.4      16.66     167.4     3.8     36      4.317      6.29  100.0   0.0    0.0    7.532    1.206    8.738  TRAPPED      --  800    0
PMP                       265  1.32    28.48    146.7     72.3      28.21     146.4     5.6     30      4.917      6.54  100.0   0.0    0.0    7.525    1.253    8.778  TRAPPED      --  800    0
PMP                       270  1.35    19.21    113.9     70.9      18.95     113.6     4.2     24      4.477      6.26  100.0   0.0    0.0    7.518    1.305    8.823  TRAPPED      --  800    0
PMP                       275  1.38    21.78    117.0     89.1      21.51     116.7     4.7     23      4.555      5.99  100.0   0.0    0.0    7.509    1.444    8.953  TRAPPED      --  800    0
PMP                       280  1.40    22.91    173.4     91.5      22.64     173.1     4.9     35      4.577      6.00  100.0   0.0    0.0    7.500    1.504    9.004  TRAPPED      --  800    0
PMP                       285  1.43    24.22    134.5     94.3      23.95     134.2     5.1     27      4.654      5.91  100.0   0.0    0.0    7.492    1.566    9.059  TRAPPED      --  800    0
PMP                       290  1.45    25.74    138.0     95.4      25.47     137.6     5.3     27      4.754      6.29   99.9   0.0    0.1    7.485    1.629    9.114  TRAPPED      --  800    0
PMP                       295  1.48    91.07   5092.9   4363.1      90.79    5092.6    17.9   1000      4.936      7.02   98.1   1.0    0.9    7.816    1.548    9.365      yes   15.48  774    0
PMP                       300  1.50    25.16    178.8     93.7      24.85     178.4     5.3     37      4.598      5.86  100.0   0.0    0.0    7.476    1.754    9.229  TRAPPED      --  800    0
Newton (exact Hessian)     50  0.25    11.41     58.5     31.5      11.11      58.2     2.0     11      5.847     10.26  100.0   0.0    0.0   11.231   96.216  107.446  TRAPPED      --  800    0
Newton (exact Hessian)     55  0.28    15.52     21.6     20.6      15.22      21.2     2.5      3      6.283      8.73  100.0   0.0    0.0    7.550   51.855   59.405  TRAPPED      --  800    0
Newton (exact Hessian)     60  0.30    17.52     25.6     23.1      17.21      25.3     2.5      3      6.892      8.64  100.0   0.0    0.0    7.568   42.232   49.800  TRAPPED      --  800    0
Newton (exact Hessian)     65  0.33    23.09     34.7     30.8      22.77      34.4     3.2      4      7.247     10.25  100.0   0.0    0.0    7.572   32.341   39.913  TRAPPED      --  800    0
Newton (exact Hessian)     70  0.35    24.09     34.8     32.4      23.77      34.5     3.1      4      7.673      9.62  100.0   0.0    0.0    7.599   26.715   34.314  TRAPPED      --  800    0
Newton (exact Hessian)     75  0.38    21.86     33.1     27.5      21.53      32.7     2.6      4      8.259     10.66  100.0   0.0    0.0    7.596   20.526   28.122  TRAPPED      --  800    0
Newton (exact Hessian)     80  0.40    23.54     43.5     31.8      23.21      42.9     2.6      4      8.907     14.29  100.0   0.0    0.0    7.621   17.101   24.721  TRAPPED      --  800    0
Newton (exact Hessian)     85  0.42    24.55     36.1     30.4      24.22      35.7     2.6      4      9.241     11.24  100.0   0.0    0.0    7.650   13.485   21.135  TRAPPED      --  800    0
Newton (exact Hessian)     90  0.45    29.52     76.0     56.3      29.18      75.7     3.1      8      9.572     13.14  100.0   0.0    0.0    8.335   17.080   25.415  TRAPPED      --  800    0
Newton (exact Hessian)     95  0.48    32.20     85.6     59.0      31.87      85.3     3.2      9     10.064     12.18  100.0   0.0    0.0    8.374   16.982   25.356  TRAPPED      --  800    0
Newton (exact Hessian)    100  0.50    39.07    160.2     62.4      38.73     159.8     3.7     16     10.623     12.82  100.0   0.0    0.0    8.394   16.233   24.627  TRAPPED      --  800    0
Newton (exact Hessian)    105  0.53    37.57    171.4     69.3      37.22     171.1     3.4     16     11.055     14.91  100.0   0.0    0.0    8.410   16.090   24.500  TRAPPED      --  800    0
Newton (exact Hessian)    110  0.55    48.77    100.9     86.7      48.43     100.5     4.3      9     11.295     14.08  100.0   0.0    0.0    8.440   15.834   24.274  TRAPPED      --  800    0
Newton (exact Hessian)    115  0.58    48.42    170.6    100.3      48.08     170.3     4.1     14     11.780     14.15  100.0   0.0    0.0    8.427   15.159   23.586  TRAPPED      --  800    0
Newton (exact Hessian)    120  0.60    50.86    132.9     96.5      50.52     132.5     4.5     11     11.587     15.57  100.0   0.0    0.0    8.298   14.671   22.969  TRAPPED      --  800    0
Newton (exact Hessian)    125  0.62    57.61    148.7    112.7      57.26     148.4     4.5     12     12.826     15.55  100.0   0.0    0.0    8.192   13.219   21.411  TRAPPED      --  800    0
Newton (exact Hessian)    130  0.65    55.35    141.4    117.6      54.99     141.0     4.2     11     13.346     18.71  100.0   0.0    0.0    8.132   11.726   19.858  TRAPPED      --  800    0
Newton (exact Hessian)    135  0.68    51.07    148.6    121.4      50.72     148.3     3.7     11     13.667     16.09  100.0   0.0    0.0    8.081   10.410   18.490  TRAPPED      --  800    0
Newton (exact Hessian)    140  0.70    58.73    162.7    121.6      58.38     162.4     4.2     15     13.915     16.63  100.0   0.0    0.0    8.035    9.259   17.294  TRAPPED      --  800    0
Newton (exact Hessian)    145  0.72    61.41    177.7    128.8      61.06     177.3     4.3     13     14.353     17.99  100.0   0.0    0.0    8.013    8.148   16.161  TRAPPED      --  800    0
Newton (exact Hessian)    150  0.75    64.50    183.8    129.7      64.15     183.5     4.4     13     14.769     17.68  100.0   0.0    0.0    7.986    7.207   15.193  TRAPPED      --  800    0
Newton (exact Hessian)    155  0.78    71.85   7122.4    255.5      71.50    7122.1     4.7    503     15.585     23.77  100.0   0.0    0.0    4.307    1.349    5.656      yes   14.78  739    0
Newton (exact Hessian)    160  0.80    57.67    833.2    260.2      57.32     832.8     3.7     55     15.907     21.42  100.0   0.0    0.0    3.706    1.131    4.837      yes   14.48  724    0
Newton (exact Hessian)    165  0.83    58.93    522.1    269.0      58.57     521.8     3.6     33     16.538     19.38  100.0   0.0    0.0    3.362    1.005    4.367      yes   14.34  717    0
Newton (exact Hessian)    170  0.85    66.23    642.9    256.5      65.87     642.6     3.9     40     16.946     20.13  100.0   0.0    0.0    3.141    0.913    4.055      yes   14.26  713    0
Newton (exact Hessian)    175  0.88    60.12    712.7    213.9      59.76     712.3     3.4     43     17.652     21.53  100.0   0.0    0.0    3.018    0.853    3.871      yes   14.22  711    0
Newton (exact Hessian)    180  0.90    71.91    436.2    299.7      71.55     435.9     4.0     26     18.159     25.87  100.0   0.0    0.0    5.006    0.999    6.005  TRAPPED      --  800    0
Newton (exact Hessian)    185  0.93    65.84    408.5    302.3      65.48     408.2     3.5     23     18.910     22.77  100.0   0.0    0.0    4.822    0.558    5.381  TRAPPED      --  800    0
Newton (exact Hessian)    190  0.95    81.20    503.5    306.9      80.84     503.2     4.3     28     18.914     22.66  100.0   0.0    0.0    4.821    0.556    5.378  TRAPPED      --  800    0
Newton (exact Hessian)    195  0.97   121.00    503.1    345.4     120.63     502.7     6.3     27     19.418     25.29  100.0   0.0    0.0    4.808    0.552    5.360  TRAPPED      --  800    0
Newton (exact Hessian)    200  1.00   102.10    898.4    347.3     101.73     898.0     5.2     48     19.761     23.05  100.0   0.0    0.0    4.824    0.564    5.388  TRAPPED      --  800    0
Newton (exact Hessian)    205  1.02   127.99    834.2    411.9     127.60     833.8     5.5     39     23.464     28.48  100.0   0.0    0.0    4.843    0.585    5.429  TRAPPED      --  800    0
Newton (exact Hessian)    210  1.05   142.10    928.4    475.6     141.72     928.0     5.8     39     24.710     30.89  100.0   0.0    0.0    4.837    0.598    5.435  TRAPPED      --  800    0
Newton (exact Hessian)    215  1.07   146.28    877.7    477.7     145.90     877.3     5.9     36     24.708     29.12  100.0   0.0    0.0    4.838    0.633    5.470  TRAPPED      --  800    0
Newton (exact Hessian)    220  1.10   179.90    860.3    542.7     179.53     859.9     7.2     35     25.091     30.24   99.9   0.0    0.1    4.852    0.679    5.530  TRAPPED      --  800    0
Newton (exact Hessian)    225  1.12   179.45    867.8    627.5     179.07     867.4     7.1     35     25.513     28.16  100.0   0.0    0.0    4.849    0.697    5.546  TRAPPED      --  800    0
Newton (exact Hessian)    230  1.15   179.05   1042.9    609.0     178.67    1042.6     6.9     41     26.091     30.97  100.0   0.0    0.0    4.860    0.718    5.578  TRAPPED      --  800    0
Newton (exact Hessian)    235  1.18   190.81   1122.9    701.6     190.42    1122.5     7.2     43     26.639     32.15   99.9   0.0    0.1    4.857    0.734    5.591  TRAPPED      --  800    0
Newton (exact Hessian)    240  1.20   208.42   1200.4    695.5     208.03    1200.0     7.7     44     27.289     31.37  100.0   0.0    0.0    4.855    0.740    5.595  TRAPPED      --  800    0
Newton (exact Hessian)    245  1.23   226.17   1256.7    709.6     225.78    1256.3     8.2     46     27.916     31.00   99.7   0.0    0.3    4.844    0.763    5.607  TRAPPED      --  800    0
Newton (exact Hessian)    250  1.25   256.38   1214.8    783.1     255.98    1214.4     9.0     44     28.624     36.13   99.9   0.0    0.1    4.854    0.761    5.616  TRAPPED      --  800    0
Newton (exact Hessian)    255  1.28   211.19   2451.3    674.9     210.80    2450.9     7.2     85     29.549     33.86  100.0   0.0    0.0    3.128    0.432    3.560      yes   14.40  720    0
Newton (exact Hessian)    260  1.30   279.23  26896.8   1300.5     278.83   26896.4     9.7   1000     29.512     32.40   99.3   0.1    0.6    3.518    0.489    4.007      yes   14.52  726    0
Newton (exact Hessian)    265  1.32   343.73   2150.0    875.2     343.34    2149.7    11.4     73     30.387     38.18   99.9   0.0    0.1    4.857    0.753    5.610  TRAPPED      --  800    0
Newton (exact Hessian)    270  1.35   258.62   7677.2    960.6     258.23    7676.8     8.4    262     30.782     37.80   99.7   0.0    0.3    3.125    0.410    3.535      yes   14.38  719    0
Newton (exact Hessian)    275  1.38   362.60  29998.9   4029.5     362.21   29998.5    12.1   1000     31.997     38.63   97.2   0.3    2.5 1006.213  198.082 1204.295  TRAPPED      --  800    0
Newton (exact Hessian)    280  1.40   251.82  28050.2   1607.7     251.44   28049.9     8.1    920     31.601     36.52   99.2   0.0    0.8 1226.930  287.456 1514.387  TRAPPED      --  800    0
Newton (exact Hessian)    285  1.43   528.31  32947.0   9681.0     527.91   32946.7    16.3   1000     34.513     40.63   97.0   0.4    2.6 1019.114  201.218 1220.332  TRAPPED      --  800    0
Newton (exact Hessian)    290  1.45   309.47  32842.8   2555.0     309.08   32842.4     9.5   1000     33.645     45.68   99.0   0.3    0.8 1296.033  278.182 1574.215  TRAPPED      --  800    0
Newton (exact Hessian)    295  1.48   357.33  32482.8   3138.8     356.94   32482.4    10.8   1000     34.918     41.55   98.1   0.3    1.6 1139.920  542.928 1682.848  TRAPPED      --  800    0
Newton (exact Hessian)    300  1.50   409.91  14501.1   1973.3     409.51   14500.7    11.9    422     34.909     40.21   99.1   0.0    0.9    3.610    0.282    3.892      yes   14.08  704    0
DDP                        10  0.05    13.75    138.6    136.2      13.58     138.4    98.5   1000      0.442      0.92   90.3   0.0    9.7    1.157 1008.999 1010.156      yes   13.42  671    1
DDP                        15  0.07   108.21    208.6    182.3     107.99     208.3   646.0   1000      0.289      0.78   35.5   0.0   64.5    7.319 1414.591 1421.910  TRAPPED      --  800    1
DDP                        20  0.10   136.89    234.4    211.3     136.67     234.1   668.6   1000      0.329      0.84   33.2   0.0   66.8    7.420  613.474  620.894  TRAPPED      --  800    1
DDP                        25  0.12   158.74    265.2    256.8     158.51     264.9   672.4   1000      0.369      0.98   32.8   0.0   67.2    7.433  356.069  363.502  TRAPPED      --  800    1
DDP                        30  0.15   176.36    285.4    269.1     176.13     285.1   673.6   1000      0.398      0.98   32.7   0.0   67.3    7.449  229.384  236.833  TRAPPED      --  800    1
DDP                        35  0.18   203.41    386.7    331.8     203.18     386.4   674.8   1000      0.437      1.04   32.6   0.0   67.4    7.444  157.710  165.154  TRAPPED      --  800    1
DDP                        40  0.20   310.56    533.7    508.3     310.32     533.4   676.1   1000      0.610      1.69   32.5   0.0   67.5    7.472  117.969  125.441  TRAPPED      --  800    1
DDP                        45  0.23   319.00    573.4    497.5     318.77     573.2   673.6   1000      0.624      1.29   32.7   0.0   67.3    7.503   85.696   93.199  TRAPPED      --  800    1
DDP                        50  0.25   357.68    594.5    575.8     357.45     594.2   669.9   1000      0.685      1.63   33.1   0.0   66.9    7.541   63.182   70.722  TRAPPED      --  800    1
DDP                        55  0.28   373.01    626.4    587.5     372.77     626.2   652.4   1000      0.735      1.49   34.8   0.0   65.2    7.549   50.542   58.091  TRAPPED      --  800    1
DDP                        60  0.30   397.26    633.9    630.0     397.02     633.7   643.6   1000      0.789      1.53   35.7   0.0   64.3    7.622   39.554   47.177  TRAPPED      --  800    1
DDP                        65  0.33   420.14    744.8    715.5     419.90     744.5   641.1   1000      0.835      1.54   36.0   0.0   64.0    7.760   33.450   41.210  TRAPPED      --  800    1
DDP                        70  0.35   418.05    810.4    694.5     417.81     810.1   641.1   1000      0.837      1.97   36.0   0.0   64.0    8.734   33.454   42.187  TRAPPED      --  800    1
DDP                        75  0.38   448.27    752.3    714.3     448.02     752.0   642.4   1000      0.884      1.65   35.8   0.0   64.2    9.059   30.693   39.752  TRAPPED      --  800    1
DDP                        80  0.40   476.54    800.3    761.3     476.30     800.0   643.7   1000      0.928      1.75   35.7   0.0   64.3    9.779   28.931   38.710  TRAPPED      --  800    1
DDP                        85  0.42   495.48    812.5    786.4     495.23     812.3   644.9   1000      0.966      1.82   35.6   0.0   64.4   10.125   29.643   39.768  TRAPPED      --  800    1
DDP                        90  0.45   462.58    856.3    835.9     462.34     856.1   573.7   1000      1.048      1.86   42.7   0.0   57.3   10.396   26.818   37.214  TRAPPED      --  800    1
DDP                        95  0.48   189.15    949.1    860.0     188.94     948.8   223.7   1000      1.308      2.22   77.8   0.0   22.2    7.147    9.463   16.609  TRAPPED      --  800    1
DDP                       100  0.50   404.83   1286.4    967.4     404.59    1286.2   459.0   1000      1.219      1.94   54.3   0.0   45.7   12.580   25.527   38.108  TRAPPED      --  800    1
DDP                       105  0.53   272.14   1014.1    930.2     271.92    1013.8   297.4   1000      1.350      2.19   70.4   0.0   29.6   10.248    6.703   16.951      yes   15.94  797    1
DDP                       110  0.55   205.13   1005.2    938.2     204.91    1004.9   219.9   1000      1.417      2.37   78.2   0.0   21.8    6.671    4.130   10.802  TRAPPED      --  800    1
DDP                       115  0.58   156.63   1006.0    981.8     156.42    1005.8   159.8   1000      1.499      2.21   84.2   0.0   15.8    5.474    3.562    9.035      yes   15.00  750    1
DDP                       120  0.60   129.47   1007.0   1001.9     129.26    1006.8   129.2   1000      1.552      2.67   87.3   0.0   12.7    4.880    3.443    8.323      yes   14.52  726    1
DDP                       125  0.62   160.75   1085.7   1044.9     160.54    1085.5   153.9   1000      1.585      3.67   84.8   0.0   15.2    5.294    3.328    8.622      yes   14.94  747    1
DDP                       130  0.65   137.03   1111.4   1088.1     136.82    1111.1   125.9   1000      1.657      2.44   87.6   0.0   12.4    4.653    3.059    7.712      yes   14.42  721    1
DDP                       135  0.68   141.46   1138.1   1117.7     141.25    1137.8   126.3   1000      1.663      2.41   87.6   0.0   12.4    4.530    3.007    7.537      yes   14.38  719    1
DDP                       140  0.70   145.83   1158.0   1141.3     145.62    1157.7   127.4   1000      1.692      2.70   87.5   0.0   12.5    4.475    2.938    7.413      yes   14.40  720    1
DDP                       145  0.72   143.18   1299.2   1218.5     142.97    1298.9   120.5   1000      1.740      2.45   88.2   0.0   11.8    4.489    3.188    7.677      yes   14.40  720    1
DDP                       150  0.75   153.96   1273.2   1214.8     153.74    1272.9   127.0   1000      1.816      2.84   87.5   0.0   12.5    4.518    2.756    7.274      yes   14.44  722    1
DDP                       155  0.78   147.55   1359.1   1265.4     147.33    1358.8   116.7   1000      1.811      2.36   88.5   0.0   11.5    4.418    2.430    6.848      yes   14.36  718    1
DDP                       160  0.80   171.07   1356.4   1313.6     170.85    1356.1   130.3   1000      1.867      2.64   87.2   0.0   12.8    4.747    3.287    8.034      yes   14.54  727    1
DDP                       165  0.83   264.86   1356.8   1327.1     264.64    1356.5   201.7   1000      1.854      2.57   80.0   0.0   20.0    4.887    2.605    7.492      yes   14.96  748    1
DDP                       170  0.85   202.71   1426.5   1356.2     202.49    1426.2   149.3   1000      1.937      3.30   85.3   0.0   14.7    5.294    3.456    8.750      yes   14.84  742    1
DDP                       175  0.88   269.53   1554.2   1386.7     269.31    1554.0   195.1   1000      1.933      2.81   80.7   0.0   19.3    4.994    1.752    6.747      yes   15.06  753    1
DDP                       180  0.90   313.86   1430.0   1409.2     313.64    1429.8   224.0   1000      1.944      2.69   77.8   0.0   22.2    5.552    2.225    7.777      yes   15.44  772    1
DDP                       185  0.93   248.56   1468.7   1460.8     248.34    1468.5   171.2   1000      2.029      3.05   83.1   0.0   16.9    6.160    0.619    6.780  TRAPPED      --  800    1
DDP                       190  0.95   389.05   1479.7   1470.8     388.81    1479.4   266.5   1000      1.987      2.68   73.6   0.0   26.4   10.161    0.471   10.631  TRAPPED      --  800    1
DDP                       195  0.97   383.73   1523.6   1516.3     383.50    1523.4   255.1   1000      2.038      3.07   74.7   0.0   25.3    6.750    1.731    8.481  TRAPPED      --  800    1
DDP                       200  1.00   366.53   1779.3   1589.3     366.28    1778.8   239.2   1000      2.112      3.10   76.3   0.0   23.7    5.569    2.113    7.682      yes   15.38  769    1
DDP                       205  1.02   516.70   2154.4   2018.0     516.45    2154.1   258.2   1000      2.535      3.40   74.4   0.0   25.6    6.282    1.920    8.202      yes   15.88  794    1
DDP                       210  1.05   773.72   2180.2   2059.3     773.46    2179.9   381.2   1000      2.489      3.27   62.0   0.0   38.0   10.420    0.396   10.816  TRAPPED      --  800    1
DDP                       215  1.07   484.98   2201.6   2090.1     484.74    2201.3   235.0   1000      2.648      3.46   76.7   0.0   23.3    7.584    2.653   10.236  TRAPPED      --  800    1
DDP                       220  1.10   590.93   2234.0   2148.6     590.67    2233.7   278.7   1000      2.695      3.60   72.3   0.0   27.7    7.644    1.289    8.933  TRAPPED      --  800    1
DDP                       225  1.12   549.45   2293.3   2207.1     549.20    2293.0   252.9   1000      2.795      3.69   74.9   0.0   25.1    6.350    1.021    7.371      yes   15.98  799    1
DDP                       230  1.15   603.20   2360.3   2242.5     602.94    2360.0   274.4   1000      2.825      4.26   72.7   0.0   27.3    6.523    1.481    8.004      yes   15.96  798    1
DDP                       235  1.18   443.63   2395.4   2266.4     443.37    2395.1   199.1   1000      2.971      4.72   80.3   0.0   19.7    6.960    0.515    7.474      yes   15.56  778    1
DDP                       240  1.20   519.50   2502.8   2334.2     519.26    2502.4   227.6   1000      2.932      4.04   77.4   0.0   22.6    5.508    1.062    6.570      yes   15.10  755    1
DDP                       245  1.23   314.95   2493.4   2377.6     314.71    2493.1   134.5   1000      3.136      4.13   86.8   0.0   13.2    4.950    0.368    5.318      yes   14.40  720    1
DDP                       250  1.25   254.93   2017.3   1993.5     254.68    2017.1   128.0   1000      2.624      3.68   87.4   0.0   12.6    5.555    1.067    6.622      yes   14.18  709    1
DDP                       255  1.28   444.24   2668.6   2468.1     444.00    2668.3   182.5   1000      3.139      3.85   82.0   0.0   18.0    4.658    0.483    5.141      yes   14.56  728    1
DDP                       260  1.30   290.70   2548.1   2501.1     290.46    2547.8   117.0   1000      3.269      4.06   88.5   0.0   11.5    4.980    0.549    5.529      yes   13.98  699    1
DDP                       265  1.32   427.03   2746.4   2590.0     426.78    2745.9   168.0   1000      3.299      4.49   83.4   0.0   16.6    4.723    0.375    5.097      yes   14.38  719    1
DDP                       270  1.35   316.89   2620.2   2605.2     316.66    2619.9   123.9   1000      3.283      4.11   87.8   0.0   12.2    5.677    1.342    7.019      yes   14.34  717    1
DDP                       275  1.38   728.66   2738.4   2640.8     728.41    2738.1   283.7   1000      3.175      4.13   71.8   0.0   28.2   19.093   36.354   55.447  TRAPPED      --  800    1
DDP                       280  1.40   491.92   2825.6   2658.9     491.68    2825.3   188.1   1000      3.311      4.10   81.4   0.0   18.6    6.741    3.690   10.431      yes   14.42  721    0
DDP                       285  1.43   653.04   2920.7   2740.0     652.79    2920.4   246.1   1000      3.298      4.35   75.6   0.0   24.4    9.864    1.801   11.665      yes   15.58  779    0
DDP                       290  1.45   805.30   2982.0   2831.0     805.05    2981.7   292.4   1000      3.365      5.42   70.9   0.0   29.1   23.808    0.901   24.709      yes   15.78  789    0
DDP                       295  1.48   767.72   2978.2   2830.1     767.46    2977.8   277.1   1000      3.424      4.76   72.5   0.0   27.5   11.747    0.475   12.222  TRAPPED      --  800    0
DDP                       300  1.50   916.68   2377.0   2299.5     916.40    2376.7   414.5   1000      2.748      5.49   58.7   0.0   41.3   60.515    5.887   66.402  TRAPPED      --  800    0
Collocation                10  0.05     5.34     10.2      9.2       5.25      10.1     6.4     15      0.833      1.18  100.0   0.0    0.0    1.071 1008.375 1009.446      yes   13.40  670    0
Collocation                15  0.07     7.97     13.3     11.6       7.87      13.2     7.6     13      1.040      1.55  100.0   0.0    0.0    7.276 1668.651 1675.926  TRAPPED      --  800    0
Collocation                20  0.10     9.76     15.6     13.8       9.66      15.5     7.6     14      1.272      1.88  100.0   0.0    0.0    7.404  660.000  667.404  TRAPPED      --  800    0
Collocation                25  0.12    11.68     19.2     16.9      11.57      19.0     7.7     13      1.518      2.18  100.0   0.0    0.0    7.434  379.958  387.393  TRAPPED      --  800    0
Collocation                30  0.15    16.24     61.9     24.9      16.12      61.7     8.8     15      1.867      5.84  100.0   0.0    0.0    7.455  243.709  251.163  TRAPPED      --  800    0
Collocation                35  0.18    16.44     30.0     25.6      16.32      29.8     7.7     14      2.123      3.73  100.0   0.0    0.0    7.476  166.514  173.990  TRAPPED      --  800    0
Collocation                40  0.20    20.72     34.2     30.9      20.58      34.1     8.3     13      2.512      4.58  100.0   0.0    0.0    7.487  124.653  132.140  TRAPPED      --  800    0
Collocation                45  0.23    21.35     39.8     31.1      21.22      39.6     7.8     12      2.755      4.43  100.0   0.0    0.0    7.506   91.235   98.742  TRAPPED      --  800    0
Collocation                50  0.25    31.15     73.4     50.0      31.00      73.3     8.8     13      3.570      8.68  100.0   0.0    0.0    7.521   72.294   79.815  TRAPPED      --  800    0
Collocation                55  0.28    30.11     70.5     44.7      29.97      70.4     8.3     13      3.634      7.82  100.0   0.0    0.0    7.541   54.524   62.065  TRAPPED      --  800    0
Collocation                60  0.30    36.20     64.0     48.7      36.06      63.8     8.9     13      4.116      7.35  100.0   0.0    0.0    7.556   44.332   51.888  TRAPPED      --  800    0
Collocation                65  0.33    39.22     63.8     53.8      39.08      63.7     8.9     12      4.469      7.03  100.0   0.0    0.0    7.566   33.905   41.471  TRAPPED      --  800    0
Collocation                70  0.35    47.76     81.9     64.9      47.61      81.8    10.0     12      4.863      6.98  100.0   0.0    0.0    7.580   27.908   35.488  TRAPPED      --  800    0
Collocation                75  0.38    43.04     67.7     62.5      42.88      67.5     7.7     13      5.624      8.23  100.0   0.0    0.0    7.591   21.473   29.064  TRAPPED      --  800    0
Collocation                80  0.40    49.32     75.8     67.1      49.16      75.6     8.2     12      6.043      8.73  100.0   0.0    0.0    7.607   17.841   25.448  TRAPPED      --  800    0
Collocation                85  0.42    54.30     83.5     74.8      54.13      83.3     8.3     12      6.609      9.25  100.0   0.0    0.0    7.634   13.975   21.609  TRAPPED      --  800    0
Collocation                90  0.45    70.48    126.9    114.1      70.32     126.7    10.2     17      7.038      9.14  100.0   0.0    0.0    8.311   17.192   25.503  TRAPPED      --  800    0
Collocation                95  0.48    79.05    130.2    116.5      78.88     130.0    10.6     17      7.560      9.98  100.0   0.0    0.0    8.357   17.141   25.498  TRAPPED      --  800    0
Collocation               100  0.50    88.58    151.8    129.7      88.41     151.7    11.0     17      8.322     15.01  100.0   0.0    0.0    8.367   16.628   24.996  TRAPPED      --  800    0
Collocation               105  0.53    99.35    149.5    138.3      99.18     149.3    11.6     17      8.769     19.55  100.0   0.0    0.0    8.394   16.326   24.720  TRAPPED      --  800    0
Collocation               110  0.55   106.60    168.0    149.3     106.42     167.8    11.8     18      9.226     13.22  100.0   0.0    0.0    8.425   16.054   24.479  TRAPPED      --  800    0
Collocation               115  0.58   116.43    181.4    161.2     116.25     181.2    12.3     18      9.716     13.75  100.0   0.0    0.0    8.434   15.331   23.765  TRAPPED      --  800    0
Collocation               120  0.60   120.17    186.1    170.0     119.99     185.9    11.9     18     10.339     12.85  100.0   0.0    0.0    8.312   14.823   23.134  TRAPPED      --  800    0
Collocation               125  0.62   127.64    189.3    180.1     127.46     189.1    11.9     18     10.996     15.92  100.0   0.0    0.0    8.202   13.504   21.706  TRAPPED      --  800    0
Collocation               130  0.65   135.57    222.4    201.4     135.39     222.2    11.9     18     11.584     14.81  100.0   0.0    0.0    8.134   12.046   20.180  TRAPPED      --  800    0
Collocation               135  0.68   141.36    209.3    201.8     141.17     209.1    11.9     18     12.132     14.77  100.0   0.0    0.0    8.086   10.689   18.775  TRAPPED      --  800    0
Collocation               140  0.70   148.89    268.5    217.5     148.71     268.3    11.9     18     12.729     17.89  100.0   0.0    0.0    8.037    9.493   17.530  TRAPPED      --  800    0
Collocation               145  0.72   155.21    229.7    217.2     155.03     229.5    12.0     17     13.243     16.23  100.0   0.0    0.0    8.001    8.441   16.442  TRAPPED      --  800    0
Collocation               150  0.75   156.16    240.2    228.6     155.95     240.1    11.0     18     14.450     23.36  100.0   0.0    0.0    7.973    7.465   15.438  TRAPPED      --  800    0
Collocation               155  0.78   119.95    523.9    351.1     119.76     523.7     8.0     37     15.235     22.36  100.0   0.0    0.0    4.378    1.339    5.717      yes   14.86  743    0
Collocation               160  0.80   120.18    583.9    345.3     119.99     583.8     7.8     40     15.704     18.93  100.0   0.0    0.0    3.817    1.143    4.960      yes   14.56  728    0
Collocation               165  0.83   124.20    653.0    370.6     123.99     652.8     7.6     42     16.602     21.80  100.0   0.0    0.0    3.390    1.021    4.412      yes   14.36  718    0
Collocation               170  0.85   126.07    547.5    394.8     125.86     547.3     7.5     34     17.132     21.01  100.0   0.0    0.0    3.170    0.931    4.101      yes   14.28  714    0
Collocation               175  0.88   129.03    723.6    444.7     128.84     723.4     7.4     44     17.624     20.32  100.0   0.0    0.0    3.026    0.863    3.888      yes   14.24  712    0
Collocation               180  0.90   136.87    786.8    439.5     136.67     786.5     7.6     46     18.362     24.95  100.0   0.0    0.0    3.260    0.892    4.153      yes   14.46  723    0
Collocation               185  0.93   175.31    324.8    308.2     175.10     324.6     9.6     18     18.660     22.66  100.0   0.0    0.0    4.824    0.560    5.384  TRAPPED      --  800    0
Collocation               190  0.95   190.87    358.3    322.5     190.66     358.1    10.2     20     19.364     25.45  100.0   0.0    0.0    4.825    0.557    5.383  TRAPPED      --  800    0
Collocation               195  0.97   196.72    358.7    334.7     196.51     358.4    10.2     19     19.852     23.18  100.0   0.0    0.0    4.809    0.549    5.358  TRAPPED      --  800    0
Collocation               200  1.00   204.49    591.5    353.4     204.29     591.3    10.3     30     20.428     24.31  100.0   0.0    0.0    4.809    0.555    5.364  TRAPPED      --  800    0
Collocation               205  1.02   209.33    561.9    417.5     209.08     561.5    10.2     28     20.996     33.78  100.0   0.0    0.0    4.825    0.574    5.399  TRAPPED      --  800    0
Collocation               210  1.05   216.96    544.1    383.2     216.72     544.0    10.4     26     21.511     42.85  100.0   0.0    0.0    4.835    0.593    5.428  TRAPPED      --  800    0
Collocation               215  1.07   218.64    568.1    395.2     218.41     567.7    10.2     25     21.939     33.39  100.0   0.0    0.0    4.832    0.613    5.446  TRAPPED      --  800    0
Collocation               220  1.10   223.86    576.4    405.7     223.62     576.2    10.2     27     22.491     32.52  100.0   0.0    0.0    4.856    0.652    5.508  TRAPPED      --  800    0
Collocation               225  1.12   234.06    505.3    410.1     233.81     505.0    10.4     23     23.293     42.35  100.0   0.0    0.0    4.846    0.689    5.535  TRAPPED      --  800    0
Collocation               230  1.15   238.32    623.5    448.2     238.06     623.2    10.3     24     23.936     42.94  100.0   0.0    0.0    4.855    0.711    5.565  TRAPPED      --  800    0
Collocation               235  1.18   240.41    587.2    414.1     240.16     586.9    10.2     25     24.161     30.61  100.0   0.0    0.0    4.855    0.723    5.579  TRAPPED      --  800    0
Collocation               240  1.20   249.00    493.7    450.0     248.74     493.4    10.3     20     24.884     35.10  100.0   0.0    0.0    4.853    0.729    5.582  TRAPPED      --  800    0
Collocation               245  1.23   258.11    679.6    480.9     257.85     679.2    10.4     22     25.549     39.95  100.0   0.0    0.0    4.847    0.751    5.598  TRAPPED      --  800    0
Collocation               250  1.25   205.24    942.3    637.0     205.03     942.1     7.7     37     27.142     33.06  100.0   0.0    0.0    3.796    0.354    4.149      yes   14.46  723    0
Collocation               255  1.28   203.19    995.6    568.1     202.93     995.4     7.6     39     27.248     35.68  100.0   0.0    0.0    3.752    0.339    4.092      yes   14.36  718    0
Collocation               260  1.30   215.85   2398.9    845.1     215.59    2398.7     7.9     91     27.879     37.05  100.0   0.0    0.0    3.757    0.328    4.085      yes   14.34  717    0
Collocation               265  1.32   217.91   2171.3    757.0     217.65    2171.1     7.8     79     28.388     37.96  100.0   0.0    0.0    3.731    0.317    4.048      yes   14.32  716    0
Collocation               270  1.35   226.75   2390.3    889.2     226.50    2390.1     7.9     86     29.309     47.84  100.0   0.0    0.0    3.713    0.309    4.022      yes   14.28  714    0
Collocation               275  1.38   233.09   3196.0    885.0     232.83    3195.8     7.9    112     30.205     53.77  100.0   0.0    0.0    3.707    0.301    4.008      yes   14.26  713    0
Collocation               280  1.40   237.86   2742.9    951.6     237.60    2742.6     8.0     97     30.427     47.97  100.0   0.0    0.0    3.704    0.293    3.997      yes   14.24  712    0
Collocation               285  1.43   241.75   2425.6    859.4     241.49    2425.4     7.9     83     31.111     49.83  100.0   0.0    0.0    3.684    0.286    3.971      yes   14.20  710    0
Collocation               290  1.45   245.87   3277.8    937.3     245.61    3277.5     7.9    108     31.577     45.75  100.0   0.0    0.0    3.654    0.283    3.936      yes   14.16  708    0
Collocation               295  1.48   246.53   3260.7    918.3     246.24    3260.5     7.8    107     32.213     40.34  100.0   0.0    0.0    3.591    0.286    3.877      yes   14.10  705    0
Collocation               300  1.50   261.62   3331.8   1228.5     261.41    3331.5     7.9    106     33.598     39.47  100.0   0.0    0.0    3.700    0.289    3.989      yes   14.08  704    0
MPPI-(K=12288)             10  0.05     1.56      2.5      2.1       1.49       2.4     1.0      1      1.489      2.41  100.0   0.0    0.0    0.383 1071.163 1071.547      yes   13.24  662    0
MPPI-(K=12288)             15  0.07     1.84      3.5      2.5       1.77       3.3     1.0      1      1.766      3.27  100.0   0.0    0.0    1.218 1118.967 1120.184      yes   13.64  682    0
MPPI-(K=12288)             20  0.10     2.06      4.2      2.7       1.99       4.1     1.0      1      1.993      4.10  100.0   0.0    0.0    7.746 1014.636 1022.382  TRAPPED      --  800    0
MPPI-(K=12288)             25  0.12     2.29      3.9      2.9       2.22       3.8     1.0      1      2.215      3.77  100.0   0.0    0.0    7.593  538.022  545.615  TRAPPED      --  800    0
MPPI-(K=12288)             30  0.15     2.54      3.8      3.2       2.47       3.7     1.0      1      2.469      3.74  100.0   0.0    0.0    7.600  365.794  373.395  TRAPPED      --  800    0
MPPI-(K=12288)             35  0.18     2.73      4.1      3.5       2.66       4.0     1.0      1      2.663      4.01  100.0   0.0    0.0    7.598  250.082  257.680  TRAPPED      --  800    0
MPPI-(K=12288)             40  0.20     3.05      4.6      3.8       2.98       4.5     1.0      1      2.980      4.48  100.0   0.0    0.0    7.418  194.163  201.581  TRAPPED      --  800    0
MPPI-(K=12288)             45  0.23     3.25      5.0      4.1       3.17       5.0     1.0      1      3.171      4.97  100.0   0.0    0.0    7.328  173.020  180.348  TRAPPED      --  800    0
MPPI-(K=12288)             50  0.25     3.59      5.3      4.6       3.51       5.2     1.0      1      3.506      5.17  100.0   0.0    0.0    7.357  135.047  142.404  TRAPPED      --  800    0
MPPI-(K=12288)             55  0.28     3.73      5.4      4.5       3.65       5.3     1.0      1      3.651      5.32  100.0   0.0    0.0    8.325  127.295  135.620  TRAPPED      --  800    0
MPPI-(K=12288)             60  0.30     4.01      5.4      4.7       3.94       5.3     1.0      1      3.940      5.29  100.0   0.0    0.0    7.308  100.241  107.549  TRAPPED      --  800    0
MPPI-(K=12288)             65  0.33     4.19      5.5      4.9       4.12       5.4     1.0      1      4.119      5.42  100.0   0.0    0.0    7.347   91.428   98.774  TRAPPED      --  800    0
MPPI-(K=12288)             70  0.35     4.51      6.4      5.3       4.43       6.3     1.0      1      4.433      6.29  100.0   0.0    0.0    7.347   85.547   92.894  TRAPPED      --  800    0
MPPI-(K=12288)             75  0.38     4.71      6.4      5.6       4.62       6.3     1.0      1      4.624      6.33  100.0   0.0    0.0    8.680   57.903   66.584  TRAPPED      --  800    0
MPPI-(K=12288)             80  0.40     5.09      7.9      6.3       4.99       7.7     1.0      1      4.992      7.67  100.0   0.0    0.0    7.263   62.663   69.925  TRAPPED      --  800    0
MPPI-(K=12288)             85  0.42     5.20      6.8      6.0       5.11       6.7     1.0      1      5.106      6.70  100.0   0.0    0.0    7.234   58.012   65.247  TRAPPED      --  800    0
MPPI-(K=12288)             90  0.45     5.44      6.9      6.2       5.35       6.8     1.0      1      5.349      6.80  100.0   0.0    0.0    7.226   55.834   63.061  TRAPPED      --  800    0
MPPI-(K=12288)             95  0.48     5.71      7.4      6.7       5.62       7.3     1.0      1      5.615      7.28  100.0   0.0    0.0    8.907   78.892   87.799  TRAPPED      --  800    0
MPPI-(K=12288)            100  0.50     6.04      8.0      7.3       5.93       8.0     1.0      1      5.931      7.95  100.0   0.0    0.0    7.214   49.704   56.917  TRAPPED      --  800    0
MPPI-(K=12288)            105  0.53     6.19      7.8      7.1       6.09       7.7     1.0      1      6.092      7.72  100.0   0.0    0.0    7.221   43.212   50.433  TRAPPED      --  800    0
MPPI-(K=12288)            110  0.55     6.54      9.0      7.9       6.42       8.6     1.0      1      6.424      8.62  100.0   0.0    0.0    7.196   40.084   47.280  TRAPPED      --  800    0
MPPI-(K=12288)            115  0.58     6.82      8.4      7.9       6.71       8.2     1.0      1      6.709      8.25  100.0   0.0    0.0  119.268   31.779  151.048  TRAPPED      --  800    0
MPPI-(K=12288)            120  0.60     7.04      9.1      8.1       6.93       9.0     1.0      1      6.927      9.01  100.0   0.0    0.0    7.210   36.569   43.779  TRAPPED      --  800    0
MPPI-(K=12288)            125  0.62     7.40      8.8      8.3       7.28       8.7     1.0      1      7.284      8.75  100.0   0.0    0.0    7.193   32.960   40.153  TRAPPED      --  800    0
MPPI-(K=12288)            130  0.65     7.71      9.3      8.7       7.60       9.2     1.0      1      7.604      9.20  100.0   0.0    0.0  111.062  698.413  809.475  TRAPPED      --  800    0
MPPI-(K=12288)            135  0.68     8.00      9.8      8.9       7.90       9.8     1.0      1      7.901      9.76  100.0   0.0    0.0   40.192   23.502   63.695  TRAPPED      --  800    0
MPPI-(K=12288)            140  0.70     8.28     10.2      9.4       8.18      10.1     1.0      1      8.183     10.11  100.0   0.0    0.0    7.193   27.672   34.865  TRAPPED      --  800    0
MPPI-(K=12288)            145  0.72     8.58     10.5      9.6       8.48      10.4     1.0      1      8.479     10.41  100.0   0.0    0.0   12.704   38.542   51.246  TRAPPED      --  800    0
MPPI-(K=12288)            150  0.75     9.00     12.8     10.5       8.86      12.5     1.0      1      8.861     12.51  100.0   0.0    0.0    7.196   26.288   33.485  TRAPPED      --  800    0
MPPI-(K=12288)            155  0.78     9.17     10.6     10.3       9.06      10.5     1.0      1      9.055     10.54  100.0   0.0    0.0    3.476   31.423   34.899      yes   13.76  688    0
MPPI-(K=12288)            160  0.80     9.51     11.9     11.0       9.39      11.6     1.0      1      9.385     11.61  100.0   0.0    0.0    3.487   34.697   38.184      yes   13.76  688    0
MPPI-(K=12288)            165  0.83     9.74     11.4     10.7       9.63      11.3     1.0      1      9.626     11.30  100.0   0.0    0.0    3.816   40.488   44.303      yes   13.84  692    0
MPPI-(K=12288)            170  0.85    10.03     12.0     11.3       9.92      11.9     1.0      1      9.920     11.86  100.0   0.0    0.0    4.416   47.069   51.485      yes   14.00  700    0
MPPI-(K=12288)            175  0.88    10.33     12.1     11.4      10.21      12.0     1.0      1     10.214     12.00  100.0   0.0    0.0    3.991   42.541   46.532      yes   13.88  694    0
MPPI-(K=12288)            180  0.90    10.66     12.1     11.8      10.54      11.9     1.0      1     10.542     11.94  100.0   0.0    0.0    3.835   46.595   50.430      yes   13.86  693    0
MPPI-(K=12288)            185  0.93    10.89     12.5     11.9      10.77      12.4     1.0      1     10.774     12.42  100.0   0.0    0.0    5.917   55.989   61.906      yes   14.20  710    0
MPPI-(K=12288)            190  0.95    11.18     12.7     12.4      11.07      12.6     1.0      1     11.065     12.60  100.0   0.0    0.0    5.391   52.567   57.957      yes   14.14  707    0
MPPI-(K=12288)            195  0.97    11.47     13.1     12.6      11.35      13.0     1.0      1     11.351     13.00  100.0   0.0    0.0    3.765   49.923   53.688      yes   13.86  693    0
MPPI-(K=12288)            200  1.00    11.89     14.2     13.5      11.74      13.8     1.0      1     11.735     13.85  100.0   0.0    0.0    4.123   54.621   58.744      yes   13.94  697    0
MPPI-(K=12288)            205  1.02    11.96     13.1     12.8      11.83      12.8     1.0      1     11.834     12.82  100.0   0.0    0.0    3.595   50.932   54.527      yes   13.84  692    0
MPPI-(K=12288)            210  1.05    12.18     12.9     12.6      12.07      12.8     1.0      1     12.066     12.76  100.0   0.0    0.0    4.033   58.653   62.686      yes   13.96  698    0
MPPI-(K=12288)            215  1.07    12.49     14.7     13.0      12.37      14.6     1.0      1     12.373     14.61  100.0   0.0    0.0    3.677   55.075   58.752      yes   13.86  693    0
MPPI-(K=12288)            220  1.10    12.74     13.6     13.3      12.62      13.3     1.0      1     12.624     13.31  100.0   0.0    0.0    3.676   56.886   60.562      yes   13.88  694    0
MPPI-(K=12288)            225  1.12    13.06     15.0     14.0      12.94      14.9     1.0      1     12.940     14.91  100.0   0.0    0.0    3.735   61.313   65.048      yes   13.90  695    0
MPPI-(K=12288)            230  1.15    13.31     14.3     13.9      13.19      14.1     1.0      1     13.195     14.07  100.0   0.0    0.0    7.184   34.437   41.621  TRAPPED      --  800    0
MPPI-(K=12288)            235  1.18    13.56     14.9     14.2      13.45      14.8     1.0      1     13.447     14.77  100.0   0.0    0.0    3.720   65.469   69.189      yes   13.92  696    0
MPPI-(K=12288)            240  1.20    13.83     14.5     14.3      13.71      14.3     1.0      1     13.710     14.29  100.0   0.0    0.0    3.774   67.967   71.741      yes   13.94  697    0
MPPI-(K=12288)            245  1.23    14.10     16.2     14.6      13.99      16.0     1.0      1     13.985     16.05  100.0   0.0    0.0    3.776   68.277   72.053      yes   13.96  698    0
MPPI-(K=12288)            250  1.25    14.67     17.1     16.3      14.50      16.9     1.0      1     14.499     16.87  100.0   0.0    0.0    3.753   68.550   72.302      yes   13.98  699    0
MPPI-(K=12288)            255  1.28    14.67     15.8     15.2      14.55      15.5     1.0      1     14.552     15.49  100.0   0.0    0.0    3.823   73.995   77.818      yes   13.98  699    0
MPPI-(K=12288)            260  1.30    14.95     16.4     15.5      14.83      16.3     1.0      1     14.834     16.27  100.0   0.0    0.0    3.808   75.207   79.014      yes   14.00  700    0
MPPI-(K=12288)            265  1.32    15.25     17.7     15.9      15.13      17.6     1.0      1     15.129     17.65  100.0   0.0    0.0    3.859   76.131   79.990      yes   14.02  701    0
MPPI-(K=12288)            270  1.35    15.54     16.5     16.1      15.42      16.3     1.0      1     15.420     16.27  100.0   0.0    0.0    3.882   79.859   83.741      yes   14.02  701    0
MPPI-(K=12288)            275  1.38    15.77     17.4     16.2      15.65      17.3     1.0      1     15.651     17.26  100.0   0.0    0.0    3.907   81.052   84.959      yes   14.06  703    0
MPPI-(K=12288)            280  1.40    16.03     17.2     16.7      15.91      16.9     1.0      1     15.909     16.88  100.0   0.0    0.0    3.936   85.331   89.267      yes   14.08  704    0
MPPI-(K=12288)            285  1.43    16.34     17.6     16.9      16.23      17.4     1.0      1     16.226     17.35  100.0   0.0    0.0    3.988   83.608   87.596      yes   14.10  705    0
MPPI-(K=12288)            290  1.45    16.59     17.8     17.1      16.47      17.6     1.0      1     16.475     17.65  100.0   0.0    0.0    3.981   86.081   90.062      yes   14.12  706    0
MPPI-(K=12288)            295  1.48    16.85     17.9     17.5      16.74      17.5     1.0      1     16.736     17.55  100.0   0.0    0.0    4.015   91.467   95.482      yes   14.16  708    0
MPPI-(K=12288)            300  1.50    17.45     21.0     19.2      17.30      20.8     1.0      1     17.301     20.84  100.0   0.0    0.0  160.014  479.798  639.811  TRAPPED      --  800    0
MPPI-(K=20480)             10  0.05     2.00      3.1      2.5       1.94       3.0     1.0      1      1.937      2.99  100.0   0.0    0.0    0.387 1073.700 1074.087      yes   13.22  661    0
MPPI-(K=20480)             15  0.07     2.51      4.1      3.6       2.44       4.0     1.0      1      2.442      3.98  100.0   0.0    0.0    1.265 1103.525 1104.791      yes   13.62  681    0
MPPI-(K=20480)             20  0.10     2.97      4.4      3.5       2.90       4.3     1.0      1      2.904      4.29  100.0   0.0    0.0    7.625 1011.735 1019.360  TRAPPED      --  800    0
MPPI-(K=20480)             25  0.12     3.41      4.5      4.1       3.34       4.5     1.0      1      3.342      4.46  100.0   0.0    0.0    7.607  550.398  558.005  TRAPPED      --  800    0
MPPI-(K=20480)             30  0.15     3.94      5.4      4.7       3.87       5.3     1.0      1      3.869      5.31  100.0   0.0    0.0    7.584  340.536  348.120  TRAPPED      --  800    0
MPPI-(K=20480)             35  0.18     4.34      5.5      5.2       4.27       5.4     1.0      1      4.272      5.38  100.0   0.0    0.0    7.457  255.379  262.836  TRAPPED      --  800    0
MPPI-(K=20480)             40  0.20     4.90      6.3      5.8       4.83       6.3     1.0      1      4.833      6.27  100.0   0.0    0.0    7.674  226.908  234.582  TRAPPED      --  800    0
MPPI-(K=20480)             45  0.23     5.29      7.1      6.2       5.22       7.0     1.0      1      5.225      7.00  100.0   0.0    0.0    7.367  158.615  165.983  TRAPPED      --  800    0
MPPI-(K=20480)             50  0.25     5.97      8.1      7.1       5.89       8.0     1.0      1      5.889      8.00  100.0   0.0    0.0    7.381  132.822  140.202  TRAPPED      --  800    0
MPPI-(K=20480)             55  0.28     6.23      7.8      7.0       6.15       7.8     1.0      1      6.154      7.78  100.0   0.0    0.0    7.346  110.877  118.224  TRAPPED      --  800    0
MPPI-(K=20480)             60  0.30     6.85      8.3      7.9       6.78       8.2     1.0      1      6.783      8.23  100.0   0.0    0.0    7.467  108.272  115.739  TRAPPED      --  800    0
MPPI-(K=20480)             65  0.33     7.22      8.7      8.3       7.15       8.6     1.0      1      7.151      8.58  100.0   0.0    0.0    7.291   89.750   97.041  TRAPPED      --  800    0
MPPI-(K=20480)             70  0.35     7.84      9.7      9.0       7.77       9.6     1.0      1      7.770      9.65  100.0   0.0    0.0    7.276   78.191   85.467  TRAPPED      --  800    0
MPPI-(K=20480)             75  0.38     8.45     11.5     10.0       8.36      11.2     1.0      1      8.355     11.22  100.0   0.0    0.0    7.321   70.934   78.254  TRAPPED      --  800    0
MPPI-(K=20480)             80  0.40     9.09     11.9     10.3       9.00      11.8     1.0      1      9.004     11.79  100.0   0.0    0.0    8.094   76.420   84.514  TRAPPED      --  800    0
MPPI-(K=20480)             85  0.42     9.56     11.7     10.8       9.48      11.6     1.0      1      9.476     11.59  100.0   0.0    0.0    7.250   58.795   66.046  TRAPPED      --  800    0
MPPI-(K=20480)             90  0.45    10.29     12.2     11.9      10.19      12.1     1.0      1     10.185     12.14  100.0   0.0    0.0    7.227   53.128   60.354  TRAPPED      --  800    0
MPPI-(K=20480)             95  0.48    10.83     12.9     12.2      10.71      12.7     1.0      1     10.713     12.74  100.0   0.0    0.0    7.226   50.832   58.057  TRAPPED      --  800    0
MPPI-(K=20480)            100  0.50    11.35     13.9     12.8      11.24      13.6     1.0      1     11.245     13.63  100.0   0.0    0.0    7.212   45.869   53.081  TRAPPED      --  800    0
MPPI-(K=20480)            105  0.53    11.79     13.4     13.1      11.69      13.3     1.0      1     11.691     13.34  100.0   0.0    0.0    7.211   43.026   50.237  TRAPPED      --  800    0
MPPI-(K=20480)            110  0.55    12.35     14.3     13.6      12.24      14.1     1.0      1     12.245     14.13  100.0   0.0    0.0    7.205   39.540   46.745  TRAPPED      --  800    0
MPPI-(K=20480)            115  0.58    13.06     15.2     14.7      12.94      15.1     1.0      1     12.936     15.06  100.0   0.0    0.0    7.194   36.483   43.677  TRAPPED      --  800    0
MPPI-(K=20480)            120  0.60    13.43     15.5     14.7      13.33      15.4     1.0      1     13.330     15.37  100.0   0.0    0.0    7.190   34.700   41.890  TRAPPED      --  800    0
MPPI-(K=20480)            125  0.62    13.96     15.9     15.3      13.85      15.8     1.0      1     13.854     15.77  100.0   0.0    0.0    7.188   33.723   40.911  TRAPPED      --  800    0
MPPI-(K=20480)            130  0.65    14.43     16.1     15.6      14.33      16.0     1.0      1     14.327     15.98  100.0   0.0    0.0    7.175   31.444   38.619  TRAPPED      --  800    0
MPPI-(K=20480)            135  0.68    15.07     17.2     16.4      14.95      17.0     1.0      1     14.946     17.04  100.0   0.0    0.0    7.201   29.579   36.780  TRAPPED      --  800    0
MPPI-(K=20480)            140  0.70    15.57     17.5     16.9      15.44      17.4     1.0      1     15.441     17.43  100.0   0.0    0.0    7.184   28.090   35.274  TRAPPED      --  800    0
MPPI-(K=20480)            145  0.72    16.08     18.1     17.3      15.95      18.0     1.0      1     15.952     17.98  100.0   0.0    0.0    6.790   11.495   18.284  TRAPPED      --  800    0
MPPI-(K=20480)            150  0.75    16.73     20.2     18.5      16.59      20.0     1.0      1     16.590     19.99  100.0   0.0    0.0    6.309   23.398   29.706  TRAPPED      --  800    0
MPPI-(K=20480)            155  0.78    17.04     18.9     18.5      16.93      18.7     1.0      1     16.926     18.68  100.0   0.0    0.0    3.826   39.341   43.167      yes   13.98  699    0
MPPI-(K=20480)            160  0.80    17.54     19.4     18.9      17.42      19.3     1.0      1     17.423     19.27  100.0   0.0    0.0    3.481   32.332   35.814      yes   13.82  691    0
MPPI-(K=20480)            165  0.83    18.08     20.1     19.6      17.96      19.9     1.0      1     17.962     19.94  100.0   0.0    0.0    3.777   39.308   43.085      yes   13.82  691    0
MPPI-(K=20480)            170  0.85    18.67     20.8     20.4      18.54      20.7     1.0      1     18.537     20.68  100.0   0.0    0.0    3.645   39.177   42.822      yes   13.82  691    0
MPPI-(K=20480)            175  0.88    19.04     21.1     20.5      18.92      21.0     1.0      1     18.918     20.96  100.0   0.0    0.0    3.477   38.020   41.497      yes   13.78  689    0
MPPI-(K=20480)            180  0.90    19.65     21.3     21.1      19.52      21.2     1.0      1     19.518     21.16  100.0   0.0    0.0    3.478   39.214   42.692      yes   13.78  689    0
MPPI-(K=20480)            185  0.93    20.19     22.6     21.8      20.05      22.3     1.0      1     20.050     22.33  100.0   0.0    0.0    4.068   50.647   54.715      yes   13.90  695    0
MPPI-(K=20480)            190  0.95    20.70     22.9     22.2      20.55      22.7     1.0      1     20.549     22.69  100.0   0.0    0.0    3.802   48.129   51.931      yes   13.86  693    0
MPPI-(K=20480)            195  0.97    21.19     23.3     22.7      21.05      23.2     1.0      1     21.051     23.19  100.0   0.0    0.0    3.831   49.910   53.740      yes   13.88  694    0
MPPI-(K=20480)            200  1.00    21.96     24.9     23.9      21.82      24.7     1.0      1     21.816     24.66  100.0   0.0    0.0    3.731   50.833   54.564      yes   13.86  693    0
MPPI-(K=20480)            205  1.02    22.21     23.3     22.7      22.10      23.2     1.0      1     22.096     23.20  100.0   0.0    0.0    3.942   54.909   58.851      yes   13.92  696    0
MPPI-(K=20480)            210  1.05    22.88     24.0     23.5      22.76      23.9     1.0      1     22.757     23.93  100.0   0.0    0.0    3.727   54.512   58.239      yes   13.86  693    0
MPPI-(K=20480)            215  1.07    23.34     25.2     24.4      23.21      24.9     1.0      1     23.210     24.85  100.0   0.0    0.0    3.713   57.528   61.241      yes   13.88  694    0
MPPI-(K=20480)            220  1.10    23.77     24.9     24.5      23.65      24.8     1.0      1     23.649     24.84  100.0   0.0    0.0    3.719   59.379   63.097      yes   13.88  694    0
MPPI-(K=20480)            225  1.12    24.23     25.2     24.9      24.11      25.0     1.0      1     24.109     25.04  100.0   0.0    0.0    3.698   60.196   63.895      yes   13.90  695    0
MPPI-(K=20480)            230  1.15    24.76     26.4     25.4      24.63      26.3     1.0      1     24.631     26.34  100.0   0.0    0.0    3.694   61.052   64.746      yes   13.90  695    0
MPPI-(K=20480)            235  1.18    25.34     26.6     26.1      25.20      26.3     1.0      1     25.202     26.35  100.0   0.0    0.0    3.699   60.706   64.405      yes   13.92  696    0
MPPI-(K=20480)            240  1.20    25.82     27.2     26.5      25.69      27.0     1.0      1     25.689     26.96  100.0   0.0    0.0    3.728   64.684   68.412      yes   13.94  697    0
MPPI-(K=20480)            245  1.23    26.28     27.3     26.9      26.16      27.2     1.0      1     26.157     27.21  100.0   0.0    0.0    3.750   65.647   69.397      yes   13.94  697    0
MPPI-(K=20480)            250  1.25    27.25     31.1     29.2      27.09      30.7     1.0      1     27.093     30.71  100.0   0.0    0.0    3.765   69.488   73.253      yes   13.98  699    0
MPPI-(K=20480)            255  1.28    27.32     28.6     28.0      27.19      28.4     1.0      1     27.194     28.37  100.0   0.0    0.0    3.826   70.816   74.642      yes   14.00  700    0
MPPI-(K=20480)            260  1.30    27.81     28.6     28.5      27.68      28.5     1.0      1     27.679     28.47  100.0   0.0    0.0    3.829   72.950   76.780      yes   14.02  701    0
MPPI-(K=20480)            265  1.32    28.32     29.7     29.0      28.19      29.4     1.0      1     28.193     29.45  100.0   0.0    0.0    3.828   77.010   80.838      yes   14.02  701    0
MPPI-(K=20480)            270  1.35    29.03     30.8     30.3      28.89      30.5     1.0      1     28.893     30.46  100.0   0.0    0.0    3.842   76.529   80.371      yes   14.04  702    0
MPPI-(K=20480)            275  1.38    29.33     30.9     30.1      29.20      30.6     1.0      1     29.197     30.62  100.0   0.0    0.0    3.886   78.091   81.977      yes   14.06  703    0
MPPI-(K=20480)            280  1.40    29.82     31.0     30.5      29.68      30.7     1.0      1     29.684     30.67  100.0   0.0    0.0    3.892   82.016   85.908      yes   14.08  704    0
MPPI-(K=20480)            285  1.43    30.56     33.8     32.3      30.41      33.7     1.0      1     30.413     33.70  100.0   0.0    0.0    3.926   81.835   85.761      yes   14.10  705    0
MPPI-(K=20480)            290  1.45    31.12     36.3     33.2      30.95      36.0     1.0      1     30.954     36.03  100.0   0.0    0.0    3.972   84.185   88.157      yes   14.12  706    0
MPPI-(K=20480)            295  1.48    31.57     35.2     33.8      31.43      35.1     1.0      1     31.433     35.10  100.0   0.0    0.0  380.664 5094.937 5475.601  TRAPPED      --  800    0
MPPI-(K=20480)            300  1.50    32.65     35.6     34.8      32.47      35.3     1.0      1     32.475     35.34  100.0   0.0    0.0  125.658  179.946  305.604  TRAPPED      --  800    0
timing: whole-cycle ms; cycle 1 and recompile-tagged cycles excluded; 'solve' = solver call only; 'ms/it' = solve time / iterations per cycle (cycles with 0 iterations excluded)
